0.0 0.0 0.0 90.000000 -90.000000 90.000000
0.0 0.0 0.0 90.000000 90.000000 90.000000
0.0 0.0 0.0 180.000000 -90.000000 90.000000
0.0 0.0 0.0 180.000000 90.000000 90.000000
0.0 0.0 0.0 -90.000000 -90.000000 90.000000
0.0 0.0 0.0 -90.000000 90.000000 90.000000
0.0 0.0 0.0 -0.000000 -90.000000 90.000000
0.0 0.0 0.0 -0.000000 90.000000 90.000000
0.0 0.0 0.0 90.000007 0.000000 0.000000
0.0 0.0 0.0 -89.999993 0.000000 0.000000
0.0 0.0 0.0 -89.999993 -179.999985 90.000007
0.0 0.0 0.0 -89.999993 0.000015 90.000007
0.0 0.0 0.0 26.565053 -63.434955 179.999984
0.0 0.0 0.0 26.565053 116.565045 179.999984
0.0 0.0 0.0 90.000007 -0.000015 89.999993
0.0 0.0 0.0 90.000007 179.999985 89.999993
0.0 0.0 0.0 -0.000007 -179.999985 89.999993
0.0 0.0 0.0 -0.000007 0.000015 89.999993
0.0 0.0 0.0 63.434947 -116.565045 179.999984
0.0 0.0 0.0 63.434947 63.434955 179.999984
0.0 0.0 0.0 179.999993 -0.000015 90.000007
0.0 0.0 0.0 179.999993 179.999985 90.000007
0.0 0.0 0.0 179.999993 0.000000 0.000000
0.0 0.0 0.0 -0.000007 0.000000 0.000000
